gis_files/otp_age/0001_14_09_01.tif
NCOLS 126
NROWS 199
XLLCORNER 139.56178
YLLCORNER 34.833566
DX 0.0049644929
DY 0.0049793696
NODATA_VALUE -9999
[rows 130 to 155 of 199, columns 60 to 119 of 126]
57.536671 57.400081 57.841006 57.474371 57.896233 57.412335 57.819137 57.111119 57.459378 56.760867 57.118069 56.381638 56.736829 55.975199 56.326533 55.551967 55.898468 55.120909 55.461827 54.688191 55.021403 54.259179 54.582123 53.840307 54.151497 53.449745 53.760035 53.048094 53.311792 52.667291 52.934209 52.323314 52.585938 52.008315 52.267984 51.721619 51.981547 51.4613 51.722826 51.222248 51.480272 51.000344 51.250829 50.793961 51.034746 50.605032 50.835032 50.421544 50.621294 50.24376 50.435853 50.08072 50.256387 49.925638 50.075967 49.777995 49.898876 49.640668 49.736722 49.515914
58.106293 57.952628 58.39613 57.997729 58.411916 57.893825 58.286716 57.538678 57.864509 57.133697 57.466027 56.705783 57.034829 56.25601 56.580467 55.794248 56.113489 55.32911 55.642655 54.867084 55.174209 54.412855 54.711403 53.972025 54.260615 53.562245 53.852396 53.144261 53.389437 52.749313 53.000756 52.394087 52.644659 52.070429 52.321953 51.777726 52.035002 51.514217 51.781103 51.273698 51.5437 51.050496 51.318224 50.842302 51.104722 50.651232 50.907258 50.464018 50.69138 50.281035 50.502905 50.111991 50.318175 49.949671 50.129505 49.793695 49.942182 49.647373 49.769103 49.513136
58.903163 58.654265 59.185493 58.652952 59.15633 58.492778 58.978709 58.061722 58.473969 57.586591 58.004913 57.096279 57.510577 56.59161 57.00009 56.08164 56.482855 55.574112 55.966742 55.075326 55.458545 54.589735 54.961797 54.121834 54.480301 53.689011 54.044455 53.250182 53.555163 52.838141 53.146748 52.469341 52.775026 52.135241 52.440516 51.835162 52.146171 51.567833 51.892776 51.326363 51.659673 51.102677 51.433676 50.893364 51.217848 50.700921 51.015884 50.510263 50.793021 50.322246 50.596608 50.14719 50.401362 49.977141 50.198553 49.811987 49.996448 49.655618 49.809237 49.510592
59.534316 59.280707 59.777411 59.238192 59.69028 59.025776 59.450024 58.532278 58.873007 57.992972 58.336473 57.444801 57.781318 56.889373 57.218859 56.335037 56.656747 55.788576 56.101765 55.255649 55.560008 54.740795 55.03625 54.248005 54.533551 53.793436 54.080459 53.336491 53.576912 52.908454 53.156722 52.526888 52.777015 52.183142 52.438695 51.876338 52.143437 51.605555 51.894248 51.364433 51.675288 51.142611 51.462593 50.934526 51.256774 50.742669 51.06658 50.550496 50.848879 50.358934 50.656688 50.178915 50.462581 50.00176 50.254763 49.827609 50.04414 49.660862 49.84517 49.504165
60.5133 60.112278 60.72981 59.999656 60.575895 59.712129 60.267566 59.124383 59.589572 58.501487 58.970019 57.877947 58.336296 57.257066 57.705674 56.646154 57.083377 56.050483 56.474719 55.474539 55.884822 54.922382 55.318589 54.39785 54.779695 53.916668 54.294537 53.435767 53.760277 52.988103 53.317387 52.590777 52.919305 52.234978 52.568251 51.919778 52.266387 51.64433 52.017702 51.402907 51.810541 51.183613 51.613056 50.978138 51.414998 50.788341 51.224548 50.59532 51.006051 50.400753 50.808904 50.216088 50.603572 50.031545 50.375995 49.847576 50.143117 49.669009 49.920116 49.498571
61.225761 60.81971 61.376242 60.646063 61.141813 60.290069 60.754495 59.627995 59.993254 58.932354 59.299228 58.244584 58.598773 57.567432 57.910917 56.908049 57.24073 56.270061 56.590414 55.656602 55.963565 55.071152 55.364952 54.51774 54.799649 54.011696 54.294864 53.510463 53.744299 53.044741 53.286916 52.632815 52.878062 52.265761 52.519513 51.942754 52.214072 51.663041 51.965141 51.421449 51.76412 51.205571 51.582301 51.005282 51.406179 50.820705 51.237849 50.629969 51.02894 50.43482 50.843365 50.247329 50.647086 50.056726 50.421612 49.863626 50.186362 49.67278 49.950847 49.487093
62.411732 61.799859 62.497996 61.520237 62.161508 61.058151 61.674441 60.276907 60.784407 59.483583 59.992565 58.712489 59.205215 57.962497 58.439011 57.240678 57.701752 56.54885 56.992522 55.888088 56.311831 55.260468 55.662782 54.669834 55.051691 54.132353 54.507488 53.603381 53.92149 53.114911 53.43704 52.684684 53.006256 52.303413 52.631598 51.970337 52.317209 51.68494 52.069042 51.442449 51.880442 51.229372 51.715535 51.034333 51.562391 50.856973 51.416359 50.670498 51.219399 50.476471 51.035215 50.287254 50.831304 50.090823 50.585753 49.88788 50.325823 49.682535 50.05287 49.477936
63.264876 62.62535 63.240921 62.243297 62.781672 61.678872 62.179563 60.80645 61.193091 59.934109 60.325138 59.097118 59.473686 58.288556 58.64958 57.514965 57.861785 56.77802 57.109908 56.077545 56.392543 55.414077 55.710169 54.790649 55.068058 54.223603 54.497572 53.670204 53.891265 53.160429 53.389174 52.712981 52.944753 52.318284 52.559902 51.975553 52.238368 51.684372 51.985757 51.440627 51.799769 51.230258 51.644964 51.040555 51.507133 50.871176 51.394956 50.692595 51.233533 50.504344 51.079729 50.317299 50.895156 50.118183 50.663004 49.907053 50.406369 49.686442 50.111855 49.459806
64.562854 63.68099 64.401076 63.13629 63.772067 62.435314 63.035714 61.437515 61.916838 60.468644 60.953818 59.551264 60.018609 58.672884 59.119667 57.837256 58.262798 57.046119 57.450454 56.298249 56.679323 55.592753 55.947944 54.931099 55.258503 54.32975 54.643715 53.745691 53.997023 53.210591 53.464369 52.742781 52.995058 52.332272 52.591339 51.978187 52.257217 51.680081 51.998914 51.43416 51.816473 51.225614 51.673027 51.040516 51.553069 50.878514 51.463538 50.707676 51.333843 50.527411 51.227372 50.346373 51.081374 50.148595 50.86459 49.931053 50.592383 49.693038 50.241148 49.440255
65.641111 64.617407 65.27987 63.906393 64.472636 63.078379 63.609786 61.978608 62.389048 60.928153 61.351255 59.943993 60.353027 59.007193 59.398633 58.118665 58.490478 57.279523 57.631179 56.488971 56.81947 55.745401 56.052384 55.049084 55.330279 54.415214 54.683528 53.802235 54.007824 53.241706 53.450691 52.753201 52.962597 52.326616 52.545922 51.960967 52.203873 51.655654 51.942757 51.40688 51.763904 51.198968 51.629143 51.016996 51.523972 50.86057 51.461652 50.696563 51.36565 50.523958 51.301703 50.350379 51.215437 50.158404 51.085963 49.938449 50.859381 49.68493 50.418668 49.410097
66.95077 65.644918 66.33057 64.736763 65.326382 63.76914 64.33015 62.554513 62.992347 61.415765 61.870474 60.35972 60.801064 59.360217 59.782373 58.415832 58.816194 57.525696 57.901704 56.689113 57.039733 55.904432 56.227748 55.171036 55.464274 54.50285 54.776957 53.85812 54.061627 53.269881 53.471821 52.758357 52.955467 52.313605 52.517393 51.934879 52.161953 51.621438 51.894849 51.369148 51.718003 51.160832 51.589307 50.980188 51.492948 50.826528 51.44351 50.665943 51.370841 50.497 51.348344 50.325193 51.326976 50.129775 51.319576 49.895444 51.088851 49.624478 50.650035 49.339356
68.279197 66.660814 67.349104 65.549633 66.152008 64.444144 65.025242 63.116469 63.572578 61.890777 62.368119 60.764352 61.229448 59.703705 60.148786 58.704535 59.125791 57.764604 58.158875 56.882096 57.246742 56.055796 56.389343 55.284839 55.584641 54.582041 54.857698 53.904719 54.102249 53.287564 53.479121 52.751727 52.933937 52.287358 52.472657 51.894169 52.101035 51.571563 51.826257 51.314895 51.650175 51.104998 51.525279 50.923899 51.434577 50.770001 51.391719 50.608852 51.328685 50.437003 51.317394 50.253008 51.305032 50.027241 51.118121 49.756099 50.7292 49.463326 50.306229 49.174885
69.390564 67.552915 68.175705 66.265726 66.820687 65.040134 65.582319 63.616594 64.035171 62.313516 62.760085 61.124503 61.563029 60.009669 60.43138 58.961447 59.361092 57.976555 58.350618 57.052296 57.397328 56.187133 56.500519 55.380595 55.66001 54.644882 54.89975 53.936686 54.108936 53.291152 53.454736 52.731196 52.882469 52.247163 52.3989 51.839173 52.010741 51.506832 51.726493 51.244742 51.547388 51.031589 51.421409 50.847687 51.330912 50.690106 51.288302 50.524185 51.229032 50.340912 51.218477 50.123597 51.037222 49.848426 50.683034 49.538714 50.195625 49.229264 49.721831 48.940815
70.874736 68.60257 69.343364 67.10761 67.797285 65.742314 66.425051 64.195235 64.74461 62.799469 63.376499 61.534717 62.099719 60.354959 60.897461 59.249188 59.762304 58.21204 58.690427 57.240023 57.679349 56.330816 56.727197 55.483814 55.833803 54.711324 55.022992 53.967967 54.180048 53.291036 53.481412 52.70447 52.870608 52.198944 52.356002 51.775051 51.946218 51.432646 51.651802 51.164988 51.471508 50.94774 51.34405 50.759292 51.250527 50.595302 51.199938 50.420603 51.131711 50.215851 51.040589 49.950453 50.679554 49.615679 50.14641 49.269674 49.642289 48.950933 49.18238 48.663501
71.629937 69.31779 69.892519 67.691022 68.236053 66.236273 66.783749 64.615467 65.033608 63.154019 63.608037 61.835399 62.28409 60.608518 61.041333 59.460109 59.870259 58.383262 58.765134 57.373752 57.722557 56.429005 56.740674 55.548467 55.81956 54.744172 54.983471 53.971588 54.115378 53.26651 53.390882 52.655637 52.757999 52.130303 52.224957 51.69166 51.801661 51.339855 51.500255 51.066018 51.31389 50.842928 51.178921 50.647123 51.074976 50.472415 51.007698 50.284605 50.927879 50.051017 50.761053 49.735345 50.221162 49.345818 49.453138 48.970822 48.929977 48.64965 48.50343 48.366762
73.153647 70.32441 71.11889 68.5053 69.279341 66.924018 67.704797 65.180133 65.813619 63.625643 64.290508 62.229538 62.881755 60.935862 61.563463 59.728602 60.323477 58.598866 59.153953 57.540967 58.049577 56.551431 57.007346 55.629405 56.027317 54.786959 55.131875 53.978063 54.202642 53.240376 53.424132 52.601779 52.743971 52.054434 52.17313 51.600165 51.725479 51.239484 51.419133 50.960089 51.237853 50.730807 51.104804 50.52632 50.996778 50.339259 50.91549 50.133828 50.833213 49.864572 50.524208 49.497627 49.792287 49.064476 48.908627 48.668372 48.329716 48.344335 47.906745 48.06499
73.60448 70.872259 71.443952 68.970684 69.536817 67.33245 67.912534 65.536413 65.974021 63.926484 64.401317 62.482516 62.950644 61.145651 61.595675 59.898663 60.323127 58.731806 59.124242 57.638803 57.993194 56.615664 56.926018 55.661325 55.922464 54.78761 55.006984 53.950408 54.060106 53.184964 53.260479 52.522258 52.562671 51.955802 51.977877 51.488266 51.520288 51.120372 51.208157 50.835077 51.010027 50.597966 50.855441 50.382345 50.719604 50.179415 50.610726 49.949511 50.39594 49.640437 50.018013 49.228522 49.230234 48.771643 48.381844 48.370761 47.797003 48.04894 47.37274 47.774157
74.818774 71.690955 72.452541 69.657581 70.408933 67.927716 68.69101 66.033458 66.636351 64.342175 64.972211 62.826972 63.439871 61.427116 62.011319 60.123866 60.671365 58.906114 59.409572 57.766522 58.218856 56.700348 57.094459 55.705832 56.034787 54.794586 55.062976 53.922217 54.060036 53.125078 53.209065 52.435617 52.466669 51.848898 51.847828 51.368708 51.371176 50.995593 51.059622 50.705564 50.856964 50.460214 50.690605 50.231894 50.53167 50.010162 50.384851 49.763829 50.163236 49.411283 49.573025 48.948221 48.654805 48.473166 47.836068 48.076001 47.280722 47.761268 46.862018 47.49181
75.121647 72.095632 72.740268 70.039213 70.672068 68.282071 68.928697 66.352573 66.840914 64.615111 65.13253 63.05411 63.55634 61.610524 62.087679 60.266145 60.711077 59.009745 59.415734 57.833634 58.193847 56.732839 57.040368 55.705371 55.953297 54.762252 54.955705 53.861409 53.929491 53.037268 53.053972 52.325107 52.291274 51.722065 51.659325 51.233191 51.17977 50.857273 50.874416 50.561843 50.662572 50.305339 50.477892 50.06069 50.289297 49.813726 50.087916 49.556967 50.043095 49.162769 49.14632 48.653834 48.139467 48.17061 47.359611 47.78542 46.863685 47.484547 46.474577 47.22485
75.74539 72.583457 73.34466 70.500756 71.228001 68.708602 69.442215 66.725348 67.288728 64.93507 65.520903 63.318978 63.879098 61.822103 62.348377 60.4279 60.913955 59.125338 59.56457 57.906375 58.291593 56.765618 57.08923 55.700762 55.954969 54.722349 54.910601 53.789698 53.840211 52.93727 52.923575 52.202401 52.126985 51.584696 51.474141 51.090612 50.993163 50.714019 50.696253 50.41228 50.473684 50.14143 50.257644 49.879098 50.016312 49.603284 49.733146 49.315138 49.54762 48.88812 48.623206 48.354965 47.576716 47.86953 46.793376 47.495976 46.329839 47.210243 45.985518 46.965549
75.979214 72.861977 73.697567 70.821165 71.590237 69.028363 69.792625 67.017935 67.602981 65.19326 65.798494 63.535208 64.107905 61.992088 62.523502 60.552199 61.037787 59.206251 59.64026 57.946565 58.322019 56.767565 57.076521 55.66678 55.900847 54.65412 54.815664 53.691706 53.708732 52.813193 52.758371 52.058649 51.936563 51.430829 51.273806 50.937432 50.805777 50.561394 50.515198 50.248514 50.273501 49.957195 50.008048 49.683793 49.757977 49.381497 49.360185 49.043843 49.052328 48.585361 48.133317 48.048034 47.090713 47.572821 46.33345 47.213495 45.885586 46.94257 45.583849 46.716502
75.818023 72.923166 73.819562 70.996649 71.78121 69.239168 70.003789 67.227082 67.804343 65.38406 65.980432 63.699043 64.26151 62.119647 62.634805 60.639644 61.103561 59.253691 59.662126 57.955753 58.302466 56.740581 57.017348 55.605716 55.803404 54.560472 54.680064 53.570616 53.540269 52.669012 52.559823 51.899043 51.717995 51.267254 51.054985 50.78081 50.613089 50.404094 50.318493 50.068877 50.017716 49.755637 49.674334 49.483761 49.569258 49.166686 49.127484 48.772714 48.512941 48.278193 47.539567 47.748583 46.546423 47.296346 45.878942 46.954155 45.437083 46.695027 45.1638 46.48432
75.791926 73.023731 74.208912 71.232607 72.24222 69.51438 70.480003 67.482964 68.237497 65.612039 66.373073 63.89217 64.607107 62.271362 62.923716 60.744058 61.324463 59.309924 59.814533 57.966028 58.389698 56.708046 57.042431 55.533526 55.768263 54.450969 54.583829 53.429784 53.388996 52.504044 52.362925 51.721086 51.493714 51.092609 50.837629 50.620607 50.433381 50.238817 50.112589 49.864299 49.628751 49.542966 49.386573 49.268444 49.262606 48.930606 48.823749 48.486169 47.975786 47.964246 47.011085 47.454627 46.109997 47.033078 45.526258 46.706975 45.090196 46.455471 44.825846 46.255127
74.661893 72.575753 73.716086 71.077147 71.998162 69.484883 70.336126 67.508151 68.141128 65.651279 66.290541 63.930205 64.527583 62.297987 62.839929 60.749486 61.22494 59.286012 59.687003 57.909528 58.23187 56.619146 56.856263 55.413691 55.555751 54.301159 54.346013 53.256751 53.134252 52.31473 52.097546 51.529099 51.239441 50.917673 50.635126 50.467066 50.276237 50.073865 49.833124 49.678234 49.312419 49.349166 49.165875 49.047232 48.914023 48.668227 48.352827 48.194243 47.44489 47.672208 46.47793 47.198377 45.762592 46.811299 45.212456 46.498108 44.739016 46.250026 44.45714 46.055552
74.233949 72.351596 73.869901 71.127044 72.425272 69.641665 70.838131 67.670957 68.616305 65.800825 66.732476 64.052868 64.923473 62.387586 63.183262 60.801992 61.509947 59.296974 59.904115 57.875589 58.370413 56.540857 56.914783 55.293823 55.53469 54.141956 54.239209 53.065743 52.94666 52.104124 51.847397 51.320354 50.973777 50.737928 50.451963 50.314989 50.171255 49.924014 49.729756 49.527837 49.278798 49.166972 48.945729 48.815056 48.543523 48.385382 47.777737 47.894254 46.8215 47.39369 45.926219 46.960221 45.331883 46.603306 44.830809 46.301613 44.404622 46.054294 44.093381 45.864114
72.678504 71.410272 72.688681 70.594343 71.693871 69.337296 70.310222 67.486058 68.198933 65.669041 66.366489 63.945748 64.58576 62.288135 62.861156 60.699094 61.195974 59.182339 59.593107 57.742131 58.056565 56.383589 56.591719 55.111187 55.201076 53.93308 53.896835 52.837777 52.606413 51.868833 51.52314 51.103818 50.712468 50.556277 50.269607 50.151785 49.99271 49.767934 49.608068 49.366345 49.144062 48.968644 48.651078 48.569055 48.129516 48.108351 47.33955 47.625268 46.481523 47.168328 45.792512 46.777645 45.262521 46.445711 44.790756 46.15395 44.328809 45.907666 43.953276 45.722155
