gis_files/otp_age/0001_14_09_01.tif
NCOLS 126
NROWS 199
XLLCORNER 139.56178
YLLCORNER 34.833566
DX 0.0049644929
DY 0.0049793696
NODATA_VALUE -9999
[rows 26 to 51 of 199, columns 60 to 119 of 126]
10.163018 12.41559 11.752786 14.414285 13.72416 16.457711 15.664573 18.925164 18.222054 21.348363 20.575833 23.728272 22.993417 26.102058 25.486717 28.473376 28.071419 30.853891 30.767633 33.255169 33.591319 35.673197 36.544217 38.044167 39.563638 39.502432 41.0702 40.003624 40.326868 40.897304 41.560234 42.278034 43.039671 43.842198 44.685854 45.572621 46.505816 47.490014 48.531099 49.636382 50.814792 52.077143 53.436499 54.908686 56.512979 58.273062 60.218372 62.386034 64.823712 67.593977 70.781309 74.504001 78.935565 84.344318 91.16403 100.10389 112.41136 134.59556 208.95998 158.72402
10.789752 13.075732 12.920699 15.310559 15.223924 17.480394 17.244552 19.890355 19.633938 22.257183 21.872779 24.559415 24.155261 26.822291 26.481256 29.054757 28.871944 31.28209 31.35752 33.527257 33.959137 35.791312 36.676471 37.9993 39.424473 39.164788 40.292248 39.781437 40.189142 40.769768 41.431413 42.148581 42.912658 43.720802 44.572803 45.470211 46.416107 47.415077 48.473251 49.598417 50.80022 52.090454 53.483493 54.99688 56.652163 58.476053 60.502086 62.773032 65.344507 68.290598 71.713049 75.757555 80.646224 86.751354 94.782709 106.39685 138.38576 139.93349 206.33059 159.61436
10.589026 13.256046 13.143977 15.944371 16.089302 18.600553 18.82014 21.245761 21.523056 23.68328 23.74846 25.909923 25.725412 27.98882 27.626969 29.985551 29.65856 31.963072 31.881632 33.965803 34.273436 36.005191 36.813213 37.993086 39.405575 38.851731 39.521482 39.567819 40.050292 40.637978 41.29505 42.008765 42.773257 43.58556 44.444638 45.351301 46.308226 47.319917 48.392708 49.534833 50.756625 52.070828 53.493083 55.042615 56.743203 58.624558 60.72431 63.090943 65.788247 68.902353 72.553285 76.915256 82.257991 89.057711 98.399546 114.13525 180.83038 142.71276 204.37819 157.86247
10.926584 13.446503 13.547792 16.319816 16.742036 19.361788 19.993031 22.424894 23.302841 25.286568 26.208238 27.812072 28.694136 29.924691 30.655026 31.697368 32.293531 33.268623 33.760557 34.79783 35.273174 36.396816 37.111633 37.966288 39.073069 38.687358 39.037795 39.438179 39.934625 40.509421 41.152228 41.857458 42.619897 43.435163 44.300388 45.215131 46.181464 47.203751 48.288504 49.444391 50.682404 52.016204 53.462653 55.042599 56.781997 58.713515 60.878879 63.33239 66.146385 69.420128 73.294875 77.980055 83.799391 91.286884 101.61303 119.57055 180.67074 142.49049 196.8692 153.5718
10.559168 13.261711 13.208355 16.265018 16.591994 19.594332 20.252443 23.068037 24.179474 26.405433 27.796151 29.406244 31.02044 31.7547 33.433347 33.429867 35.163551 34.684723 36.362449 35.804903 37.363664 36.957557 38.426063 38.084931 39.419406 38.777403 39.543824 39.433837 39.885146 40.399935 41.008074 41.694692 42.451168 43.268433 44.139258 45.061107 46.035263 47.065931 48.159813 49.326007 50.576149 51.924775 53.389911 54.993968 56.765017 58.738653 60.960747 63.491635 66.412807 69.838324 73.936169 78.971701 85.399127 94.047488 105.75615 122.89089 182.39501 141.26645 195.98821 148.92831
10.833619 13.256608 13.312043 16.194639 16.635572 19.591288 20.377717 23.268772 24.542619 26.945989 28.599777 30.370955 32.407507 32.751121 34.696482 34.088141 35.624059 35.038297 36.334139 35.946998 37.119206 36.929794 38.070901 37.930786 39.012756 38.853815 40.002689 39.556477 40.372283 40.344856 40.897156 41.524251 42.26587 43.084468 43.960703 44.888815 45.86919 46.90591 48.005904 49.178716 50.436609 51.794949 53.272869 54.894272 56.689298 58.696478 60.965978 63.564624 66.584077 70.155156 74.476858 79.890298 87.120955 98.462351 143.54188 123.42343 174.527 137.57491 187.26137 142.08042
10.548813 12.982966 12.861274 15.860224 16.142453 19.305823 19.985897 23.147579 24.409937 27.065486 28.839199 30.777025 33.082739 33.007736 34.892001 34.119438 35.496808 34.901861 36.010784 35.705259 36.692105 36.610014 37.550404 37.596338 38.553236 38.615451 39.610299 39.551859 40.700892 40.318793 41.377734 41.345935 42.061747 42.882426 43.764278 44.697891 45.682831 46.723143 47.826057 49.001592 50.262624 51.625301 53.109789 54.741421 56.552371 58.584172 60.891585 63.548802 66.659818 70.376515 74.932984 80.729455 88.68768 102.49612 152.93949 122.78748 169.96432 133.08415 182.45627 134.12353
10.645221 12.828722 12.64962 15.535319 15.769581 18.899577 19.523379 22.750664 23.936618 26.704634 28.359725 30.463867 32.64176 32.627139 34.282898 33.669026 34.805404 34.411862 35.285594 35.19551 35.948515 36.090935 36.812696 37.099371 37.879564 38.178697 39.035318 39.210315 40.120193 40.068871 40.90715 41.114804 41.833613 42.660776 43.549187 44.487761 45.475601 46.516922 47.619403 48.793609 50.05301 51.414464 52.899091 54.533585 56.352148 58.399433 60.735234 63.442422 66.641327 70.517426 75.376139 81.749442 90.333893 104.46549 151.27467 120.4159 165.17597 126.75111 174.00482 124.01646
10.658665 12.603168 12.231908 15.112565 15.179678 18.388851 18.860354 22.218375 23.247055 26.112284 27.562203 29.686588 31.521487 31.859136 33.325634 32.940786 33.885444 33.748015 34.430465 34.57876 35.139657 35.50547 36.045768 36.538796 37.128988 37.659423 38.339548 38.765314 39.548556 39.709115 40.440548 40.828569 41.576432 42.416712 43.313858 44.257395 45.24652 46.286127 47.384694 48.553443 49.806389 51.16099 52.639212 54.269052 56.08676 58.1403 60.495048 63.243897 66.527594 70.583245 75.883635 83.750072 111.95371 104.49389 147.06806 116.70678 160.02862 119.14638 155.35675 113.28042
10.924659 12.445397 11.867867 14.658352 14.540161 17.829119 18.154182 21.60457 22.474308 25.335355 26.529924 28.53559 29.881788 30.651668 31.704886 31.913469 32.582144 32.925042 33.441036 33.86924 34.275214 34.852808 35.236811 35.916601 36.335284 37.064518 37.558929 38.234327 38.856172 39.341921 40.005644 40.504522 41.286576 42.145377 43.0559 44.005272 44.993914 46.028811 47.119902 48.27915 49.520944 50.863135 52.328401 53.946005 55.754323 57.804954 60.169724 62.953261 66.318287 70.552463 76.331042 86.19835 123.79229 102.98769 142.66623 111.24966 151.62707 110.16637 135.88311 102.25747
11.3029 12.449117 11.666758 14.228324 13.809489 17.301863 17.430439 20.978755 21.633233 24.47573 25.333781 27.307495 28.126341 29.347194 29.91451 30.843626 31.224402 32.075814 32.400759 33.142098 33.378757 34.188256 34.39578 35.288413 35.514796 36.466688 36.762783 37.692596 38.126089 38.947834 39.513073 40.15776 40.927522 41.836191 42.773397 43.729419 44.714672 45.741327 46.821518 47.967679 49.194062 50.51854 51.964384 53.562174 55.352558 57.391219 59.758128 62.574849 66.037444 70.477367 76.53559 87.232986 123.59644 100.3154 137.44165 104.62381 134.41438 100.90965 114.7042 92.362798
11.784607 12.803574 11.946862 14.103154 13.41703 16.908352 16.799375 20.357324 20.733274 23.551631 24.021752 26.055221 26.362863 28.130404 28.349722 29.869064 30.098887 31.237085 31.380604 32.389702 32.44455 33.497383 33.52429 34.642731 34.687795 35.857096 35.976474 37.138867 37.410855 38.473415 38.853178 39.797162 40.306655 41.495541 42.468661 43.425944 44.401936 45.416367 46.483274 47.614088 48.821779 50.12368 51.54373 53.114205 54.878214 56.895738 59.256781 62.11016 65.736575 70.820597 79.011351 86.745928 120.00653 96.136942 128.98748 96.921606 117.83349 91.61315 97.585017 83.782456
12.537804 13.503796 12.761145 14.57554 13.923473 16.827782 16.543226 19.894002 20.04066 22.755763 22.912239 25.079154 25.06487 27.249239 27.355582 29.071021 29.184948 30.480803 30.458223 31.682963 31.570851 32.841059 32.698785 34.03337 33.915903 35.281794 35.236667 36.613693 36.73703 38.009183 38.241717 39.430586 39.938848 41.168094 42.138515 43.081772 44.038569 45.038558 46.093785 47.210171 48.397818 49.672696 51.060358 52.596295 54.32626 56.313678 58.658106 61.539305 65.367241 71.586429 96.168362 84.535786 114.54066 90.457125 113.76786 88.975628 100.12965 83.327299 79.378942 77.346736
12.978131 14.123429 13.349706 15.148982 14.385884 16.882919 16.223099 19.494152 19.17668 22.055389 21.743204 24.37847 24.113951 26.560981 26.468088 28.33449 28.157561 29.749988 29.438833 30.988747 30.584212 32.197353 31.777668 33.436488 33.05685 34.712973 34.406022 36.093049 35.988367 37.545658 37.582493 39.037678 39.380349 40.792388 41.743535 42.659543 43.571895 44.574548 45.631087 46.741124 47.911615 49.15435 50.501097 51.996569 53.688104 55.639497 57.958489 60.842407 64.759369 71.745041 97.16933 81.285611 106.71756 84.198324 100.25412 81.461176 85.946186 76.447539 68.251222 72.74414
13.852899 15.00122 14.46482 16.046802 15.533803 17.500183 17.027655 19.589058 19.258107 21.850937 21.563672 24.063522 23.871776 26.078573 25.908264 27.763695 27.504387 29.168229 28.789413 30.437444 29.98925 31.676937 31.224651 32.940376 32.522617 34.224697 33.843798 35.631374 35.453239 37.117383 37.060954 38.643734 38.800396 40.335632 41.035405 42.097481 42.507679 43.974456 45.017454 46.176178 47.342933 48.542214 49.827581 51.28671 52.94657 54.863949 57.168913 60.133191 64.101242 70.36441 91.948575 76.870538 94.004767 77.778208 86.307213 74.859182 71.674939 71.403932 64.64029 69.735886
14.202906 15.551637 14.921383 16.637598 15.998236 17.975929 17.329331 19.800418 19.242775 21.790651 21.242309 23.828261 23.373893 25.663012 25.14833 27.249403 26.631518 28.64409 27.938279 29.937889 29.180665 31.187827 30.378585 32.463271 31.690816 33.753963 33.023406 35.183108 34.67421 36.691047 36.298823 38.240913 38.035837 39.86679 39.719865 41.540634 41.309909 43.336572 43.189376 45.496301 46.612103 47.768267 48.793421 50.402712 52.056975 53.958458 56.268035 59.622954 73.777593 67.995534 85.821709 72.265524 84.069091 72.041199 75.126562 69.626261 63.358846 67.855219 63.93531 67.576513
15.114751 16.354815 15.92574 17.415959 16.982362 18.652092 18.212606 20.289977 19.936614 22.018116 21.621216 23.820109 23.461153 25.491815 25.063932 26.979776 26.451913 28.337871 27.735941 29.622565 28.972259 30.873611 30.192906 32.129703 31.438358 33.406079 32.737431 34.827415 34.344434 36.335012 35.937977 37.883607 37.620128 39.496461 39.329402 41.154389 40.997753 42.874263 42.634129 44.804246 44.531136 46.867729 46.14564 49.35384 50.641908 52.878278 55.108979 58.598826 70.018301 64.717741 75.544191 67.562535 73.501151 67.134253 65.050123 65.864952 61.76057 65.496385 63.306684 65.916832
15.551151 16.882529 16.382135 17.92948 17.404407 19.093365 18.537726 20.622872 20.133123 22.170027 21.583166 23.781458 23.189142 25.333946 24.691617 26.754588 26.025926 28.07853 27.277289 29.346768 28.49245 30.589692 29.703256 31.831429 30.911623 33.092438 32.190885 34.50515 33.772869 36.004844 35.354995 37.542971 37.006301 39.151105 38.738982 40.812407 40.472432 42.519319 42.16323 44.325349 43.852984 46.261861 45.573015 48.516828 47.599045 51.852432 53.268275 56.957009 64.204319 61.571238 67.753831 63.562531 65.125664 63.441464 59.856102 63.259882 60.993844 63.757082 62.478482 64.528848
16.359176 17.579014 17.161295 18.580873 18.144005 19.661658 19.187184 21.08578 20.676158 22.505423 21.996568 23.944372 23.390895 25.368324 24.759436 26.716419 26.035259 27.996882 27.254867 29.233738 28.437137 30.446347 29.589166 31.673118 30.804744 32.907769 32.039056 34.29639 33.581747 35.764362 35.074305 37.27561 36.66849 38.86552 38.368667 40.520688 40.107621 42.230711 41.84455 44.010151 43.559635 45.89854 45.302729 48.045233 47.359687 51.047486 52.25598 55.027501 58.992189 58.617079 61.979119 60.308198 59.420844 60.838712 58.803267 61.474955 60.273029 62.385156 61.804525 63.351905
16.973945 18.173257 17.735186 19.131276 18.667702 20.148013 19.637607 21.494633 21.041817 22.82669 22.274738 24.146642 23.527464 25.465543 24.786977 26.744955 26.001994 27.976328 27.162467 29.178605 28.307878 30.369971 29.456853 31.572319 30.629796 32.769592 31.791903 34.132741 33.304251 35.567969 34.725149 37.053729 36.288166 38.620762 37.945358 40.263771 39.681981 41.974217 41.468059 43.748306 43.248238 45.615909 45.070374 47.695883 47.182427 50.290992 50.240857 53.344625 53.669347 56.255276 57.010241 57.99886 56.590417 59.058922 57.981015 60.13414 59.499848 61.23895 61.053477 62.325267
17.667291 18.823449 18.382629 19.731004 19.260812 20.688306 20.16598 21.960081 21.489887 23.21503 22.645675 24.443741 23.801132 25.67016 24.959638 26.876249 26.095186 28.058805 27.217635 29.219695 28.316046 30.379704 29.433241 31.550782 30.563364 32.704589 31.643905 34.034707 33.123236 35.437031 34.486201 36.893803 36.019754 38.432459 37.63113 40.057244 39.366254 41.759281 41.167516 43.527639 42.996166 45.377573 44.863292 47.392041 46.953614 49.677316 49.309623 52.169205 51.730316 54.623273 54.085934 56.445506 55.764625 57.795622 57.306845 59.048997 58.862274 60.25083 60.435477 61.408319
18.462621 19.5376 19.137179 20.395158 19.967337 21.295945 20.816887 22.489297 22.053348 23.674611 23.147271 24.825996 24.223179 25.973997 25.303547 27.113253 26.374803 28.239624 27.434238 29.356102 28.486868 30.473292 29.543109 31.611107 30.648009 32.731136 31.692323 34.018225 33.088082 35.391106 34.434904 36.812212 35.888025 38.320163 37.456374 39.919936 39.146631 41.603543 40.937304 43.3543 42.780254 45.176021 44.657269 47.123536 46.692648 49.241653 48.934483 51.495009 51.394849 53.728451 53.801918 55.465483 55.061004 56.840765 56.584672 58.141598 58.147907 59.388068 59.72375 60.585379
19.067206 20.168356 19.702901 20.993821 20.490288 21.848318 21.279134 22.985736 22.449655 24.108122 23.473156 25.195567 24.476504 26.276457 25.475851 27.359159 26.48947 28.434168 27.488368 29.508502 28.494165 30.586726 29.502346 31.685222 30.548118 32.773967 31.563139 34.024065 32.893202 35.369341 34.222285 36.758763 35.616374 38.242009 37.182714 39.81998 38.870922 41.483051 40.670915 43.207287 42.494286 44.992293 44.37036 46.879098 46.387407 48.896088 48.628189 51.051396 51.343245 53.196686 53.969032 54.793211 54.592995 56.065317 55.971818 57.34881 57.549891 58.610561 59.13494 59.829162
20.016734 20.983623 20.626723 21.762785 21.375121 22.567143 22.123201 23.63141 23.222194 24.683192 24.180577 25.703796 25.12667 26.719979 26.070975 27.737124 27.015486 28.757882 27.969229 29.782308 28.927175 30.817987 29.898034 31.869791 30.876474 32.923393 31.858309 34.136502 33.135674 35.447871 34.425183 36.809579 35.801033 38.264194 37.318822 39.813567 38.951347 41.446232 40.700692 43.134592 42.484643 44.873516 44.304483 46.700394 46.28191 48.637919 48.457707 50.73847 51.418693 52.814061 54.124837 54.282818 54.261138 55.430021 55.308891 56.656898 56.872237 57.910517 58.447834 59.133617
20.602376 21.62712 21.183319 22.385117 21.891089 23.157181 22.590279 24.170162 23.615849 25.169491 24.514451 26.133334 25.383839 27.097038 26.263149 28.062652 27.140606 29.036044 28.028103 30.014343 28.911153 31.01255 29.830363 32.031 30.758391 33.052619 31.690163 34.245284 32.952441 35.525123 34.169414 36.863927 35.530462 38.296654 37.022175 39.827131 38.668866 41.434588 40.410531 43.087241 42.17174 44.779755 43.968149 46.550192 45.948923 48.425602 48.138746 50.489823 51.442103 52.480522 53.949758 53.841425 54.01321 54.882547 54.686676 56.035007 56.242648 57.265973 57.824421 58.48611
21.607669 22.48272 22.18376 23.206597 22.868291 23.935061 23.536507 24.876672 24.493883 25.811607 25.342662 26.714658 26.167535 27.616288 26.994072 28.525396 27.831408 29.446718 28.682818 30.37767 29.535452 31.329851 30.41438 32.314225 31.336893 33.302622 32.240517 34.463771 33.486408 35.712368 34.673491 37.021021 35.99851 38.429552 37.47478 39.93665 39.100296 41.513797 40.795323 43.124316 42.494893 44.763053 44.227957 46.46686 46.115994 48.282334 48.311989 50.288463 51.463452 52.160678 53.536376 53.435282 53.816362 54.411735 54.286649 55.485584 55.649098 56.672809 57.210731 57.878638
