gis_files/otp_age/0001_14_09_01.tif
NCOLS 126
NROWS 199
XLLCORNER 139.56178
YLLCORNER 34.833566
DX 0.0049644929
DY 0.0049793696
NODATA_VALUE -9999
[rows 104 to 129 of 199, columns 60 to 119 of 126]
51.025612 51.141644 51.640906 51.598022 52.124263 51.925505 52.446505 51.99264 52.465576 51.961964 52.427049 51.858611 52.303249 51.69912 52.122132 51.501271 51.900765 51.277671 51.650366 51.038397 51.380433 50.793241 51.101813 50.552098 50.825587 50.334049 50.582318 50.113702 50.307832 49.917633 50.094815 49.756794 49.914229 49.623403 49.76192 49.514107 49.633815 49.426149 49.526433 49.357275 49.436856 49.305735 49.36327 49.270309 49.304361 49.250037 49.258306 49.244097 49.225246 49.252457 49.206541 49.274851 49.199219 49.310419 49.203194 49.359087 49.22078 49.421385 49.260136 49.497574
51.347842 51.428005 51.968449 51.855458 52.421778 52.151717 52.719104 52.192991 52.71835 52.14763 52.670936 52.03496 52.541243 51.869091 52.355323 51.666537 52.129342 51.439202 51.874092 51.196521 51.598517 50.947578 51.312507 50.701824 51.026841 50.478357 50.772177 50.250508 50.483737 50.046351 50.257323 49.876831 50.062939 49.734438 49.897171 49.616032 49.75595 49.51893 49.635857 49.440899 49.534111 49.380137 49.448192 49.33544 49.377636 49.30595 49.32038 49.290728 49.276393 49.2897 49.248718 49.302949 49.233395 49.32943 49.230064 49.36886 49.239423 49.421584 49.267895 49.488056
51.530871 51.622111 52.129159 52.02402 52.536412 52.295132 52.798509 52.324068 52.781615 52.272822 52.727853 52.15913 52.598002 51.994043 52.414412 51.793132 52.19272 51.567901 51.943617 51.327141 51.67502 51.079218 51.395753 50.833123 51.116042 50.607442 50.865485 50.375735 50.578566 50.165814 50.351214 49.989443 50.154084 49.839523 49.984786 49.713251 49.839596 49.608087 49.715158 49.521863 49.60879 49.452804 49.517985 49.399663 49.44148 49.361684 49.377972 49.337782 49.326466 49.327886 49.291176 49.332458 49.268114 49.350315 49.257028 49.381041 49.258769 49.424733 49.277766 49.481878
51.798545 51.867502 52.39317 52.244892 52.768291 52.490607 53.005491 52.500294 52.971375 52.438066 52.909575 52.317319 52.774292 52.147364 52.586695 51.943044 52.362143 51.715382 52.111011 51.472593 51.840572 51.222315 51.558592 50.973016 51.27476 50.743097 51.0184 50.505236 50.723012 50.288286 50.487116 50.104093 50.280255 49.945898 50.101256 49.811197 49.946555 49.697559 49.812911 49.602857 49.697497 49.525335 49.597985 49.463712 49.512917 49.417233 49.440654 49.384648 49.37979 49.365886 49.336237 49.361805 49.305422 49.371084 49.286747 49.393233 49.28101 49.42815 49.290837 49.476216
52.014482 52.07819 52.603272 52.434722 52.944819 52.658353 53.156707 52.653485 53.10772 52.582833 53.038849 52.45735 52.899897 52.284804 52.711021 52.079166 52.486702 51.850887 52.236763 51.60775 51.968094 51.356747 51.687476 51.105751 51.403728 50.872889 51.145856 50.630182 50.845977 50.407095 50.604693 50.215798 50.390743 50.049889 50.204294 49.907219 50.041947 49.785518 49.900676 49.682726 49.777675 49.597125 49.670727 49.527429 49.578266 49.472891 49.498447 49.431963 49.429082 49.404592 49.377644 49.392077 49.339302 49.392989 49.313573 49.406812 49.301198 49.433304 49.304078 49.472628
52.208577 52.274191 52.800615 52.615212 53.113221 52.819584 53.302592 52.801546 53.239779 52.722576 53.163597 52.592447 53.02115 52.41742 52.831256 52.210532 52.607393 51.981632 52.35878 51.738138 52.092037 51.486518 51.813182 51.23407 51.530175 50.998548 51.27166 50.751451 50.96797 50.522616 50.722092 50.324591 50.501788 50.151278 50.308407 50.000914 50.138993 49.871414 49.990539 49.760809 49.860481 49.667418 49.746547 49.589969 49.647242 49.527725 49.560649 49.478823 49.483014 49.443148 49.423737 49.422443 49.377742 49.415229 49.344556 49.420974 49.324891 49.439371 49.320399 49.470376
52.453188 52.505516 53.070191 52.830836 53.357477 53.014428 53.527101 52.977459 53.446693 52.886498 53.361115 52.74827 53.212287 52.567634 53.017756 52.356666 52.790145 52.124609 52.538162 51.878499 52.268192 51.624309 51.985557 51.368783 51.697445 51.129588 51.432409 50.876629 51.11866 50.641234 50.863209 50.435868 50.63196 50.254601 50.427217 50.096086 50.246818 49.958439 50.087814 49.839756 49.947592 49.738394 49.824071 49.653079 49.715745 49.58312 49.620551 49.526234 49.53379 49.482238 49.466057 49.453316 49.41207 49.437951 49.371818 49.435617 49.345534 49.445964 49.334592 49.468822
52.55371 52.650391 53.195349 52.974248 53.460232 53.144687 53.609217 53.099103 53.51652 53.002141 53.424171 52.861842 53.273824 52.681043 53.080507 52.470832 52.855866 52.239911 52.60809 51.994956 52.343146 51.74161 52.06602 51.486169 51.783211 51.245712 51.522542 50.990079 51.210342 50.750144 50.95456 50.53918 50.721324 50.351376 50.513059 50.185844 50.328609 50.041011 50.16527 49.915093 50.020572 49.806505 49.892378 49.714004 49.77932 49.636957 49.679533 49.572773 49.586742 49.521072 49.512284 49.484419 49.451246 49.461312 49.403851 49.451278 49.370516 49.453964 49.352306 49.469134
52.789203 52.889838 53.511445 53.204617 53.755711 53.354267 53.887492 53.285797 53.774186 53.174778 53.672888 53.024603 53.516261 52.836584 53.318037 52.62084 53.089236 52.385428 52.837449 52.136606 52.568203 51.879623 52.285866 51.620328 51.996039 51.375829 51.726453 51.113908 51.401165 50.867308 51.133375 50.649088 50.886997 50.453379 50.664499 50.2797 50.466182 50.126763 50.289392 49.992865 50.131517 49.876455 49.990532 49.776286 49.864872 49.691773 49.751935 49.619979 49.646826 49.56037 49.560242 49.515812 49.487472 49.484776 49.429467 49.466875 49.386723 49.461773 49.359861 49.469204
52.786926 52.997276 53.578808 53.325006 53.80613 53.464965 53.916267 53.390617 53.791232 53.27523 53.682224 53.124782 53.523909 52.938197 53.326879 52.724441 53.100925 52.491069 52.853153 52.244101 52.588997 51.988609 52.312778 51.730155 52.029919 51.485116 51.767202 51.221577 51.447243 50.971205 51.181786 50.748187 50.937042 50.546631 50.714301 50.366448 50.515024 50.206751 50.33704 50.066005 50.177911 49.942755 50.035874 49.835794 49.909371 49.744595 49.796759 49.665954 49.690024 49.599183 49.601963 49.547348 49.52623 49.508895 49.464448 49.483568 49.41728 49.471084 49.385468 49.471181
52.952227 53.220362 53.877012 53.544453 54.08346 53.663574 54.172768 53.567035 54.026211 53.438637 53.907957 53.27952 53.743961 53.086649 53.542359 52.867916 53.312204 52.630347 53.060252 52.379649 52.791681 52.120694 52.510613 51.858711 52.221743 51.609996 51.951292 51.3408 51.620112 51.084266 51.343498 50.854502 51.087025 50.645564 50.85135 50.45762 50.639128 50.290139 50.448776 50.141725 50.277742 50.010971 50.124297 49.896679 49.987059 49.798372 49.863904 49.712507 49.747325 49.638313 49.650247 49.579034 49.565524 49.532991 49.495073 49.500063 49.439892 49.480055 49.400553 49.472716
52.958122 53.31196 53.929762 53.65437 54.131752 53.765076 54.201576 53.664354 54.047305 53.532689 53.923666 53.374012 53.759425 53.183043 53.559935 52.966516 53.333242 52.731005 53.085644 52.482041 52.822157 52.224455 52.547013 51.963354 52.264896 51.714334 52.001171 51.444098 51.675524 51.184275 51.401168 50.950108 51.146093 50.73585 50.910526 50.541804 50.696997 50.367849 50.504917 50.212881 50.332008 50.075596 50.176669 49.95481 50.037212 49.850136 49.9124 49.757759 49.792297 49.676797 49.691896 49.610669 49.602465 49.557559 49.526457 49.517454 49.465167 49.490273 49.419548 49.475819
53.150767 53.536208 54.215551 53.874927 54.409669 53.963859 54.456016 53.84137 54.280477 53.697412 54.147448 53.530822 53.978356 53.333922 53.774802 53.11234 53.54414 52.872237 53.292463 52.61897 53.02467 52.357272 52.744799 52.092074 52.456956 51.839138 52.186246 51.563114 51.850186 51.297056 51.565123 51.056009 51.298161 50.834417 51.050291 50.632611 50.823594 50.450807 50.618905 50.288157 50.434007 50.143412 50.267265 50.015373 50.117085 49.903703 49.98159 49.804211 49.85135 49.715983 49.741907 49.642665 49.643596 49.582182 49.558563 49.534606 49.488756 49.499988 49.434983 49.478189
53.2152 53.637962 54.260851 53.985969 54.455731 54.065922 54.483434 53.942037 54.30503 53.796865 54.168724 53.631608 54.000319 53.436701 53.798652 53.216732 53.570264 52.977626 53.321272 52.724786 53.056734 52.46312 52.780987 52.197649 52.498384 51.94377 52.233587 51.666271 51.902692 51.396797 51.619878 51.151185 51.353938 50.924227 51.106296 50.71632 50.878361 50.527989 50.671864 50.358754 50.485155 50.207489 50.316578 50.073016 50.164505 49.955059 50.027671 49.849139 49.894293 49.75426 49.781854 49.674305 49.679784 49.606961 49.589871 49.552347 49.51441 49.510648 49.454779 49.481802
53.424514 53.833632 54.466821 54.159665 54.642147 54.224221 54.65493 54.091424 54.469459 53.940633 54.328007 53.771968 54.157613 53.574499 53.954456 53.351613 53.723857 53.108922 53.471581 52.852031 53.203039 52.586212 52.923326 52.316796 52.637341 52.059429 52.369792 51.777465 52.033875 51.502932 51.745187 51.251392 51.471725 51.017945 51.216124 50.8031 50.979487 50.607546 50.763994 50.431146 50.569012 50.272917 50.392716 50.131646 50.233252 50.007123 50.089453 49.894522 49.94892 49.792793 49.829835 49.70608 49.721262 49.631781 49.623907 49.570042 49.541065 49.521186 49.47373 49.485218
53.620325 53.982938 54.574878 54.281393 54.727186 54.343449 54.742794 54.212876 54.560368 54.062688 54.419039 53.895635 54.252154 53.699094 54.051676 53.475433 53.821592 53.230412 53.568098 52.970178 53.297447 52.700532 53.015362 52.427344 52.727845 52.166625 52.460723 51.881585 52.125757 51.603063 51.836048 51.346626 51.559875 51.107582 51.300609 50.88663 51.059545 50.684508 50.838419 50.501448 50.638075 50.336678 50.456523 50.188972 50.291763 50.05823 50.143219 49.93925 49.996791 49.830936 49.87238 49.737719 49.758327 49.656703 49.654678 49.588034 49.56536 49.532185 49.491422 49.489229
53.875137 54.152583 54.704839 54.418116 54.842469 54.477941 54.86269 54.350859 54.685607 54.202787 54.548063 54.036149 54.383665 53.838303 54.18341 53.611453 53.951021 53.36182 53.693627 53.096105 53.418149 52.820623 53.130974 52.541629 52.838469 52.275502 52.567269 51.985807 52.230138 51.702565 51.93817 51.44099 51.658542 51.196274 51.394691 50.969247 51.148408 50.76067 50.921063 50.571011 50.714482 50.399729 50.527051 50.245644 50.356531 50.108728 50.20252 49.983438 50.049874 49.868619 49.919813 49.768975 49.799876 49.68133 49.689389 49.605809 49.592804 49.543038 49.51153 49.493178
54.209823 54.356268 54.880306 54.583127 55.008291 54.641169 55.035616 54.519 54.868942 54.371821 54.733911 54.202188 54.568181 53.999529 54.364654 53.766252 54.126473 53.509034 53.861521 53.235149 53.577475 52.951374 53.281299 52.664311 52.979732 52.390802 52.699976 52.094078 52.354665 51.804665 52.056607 51.537247 51.771024 51.286475 51.500039 51.053153 51.246223 50.838046 51.010895 50.641662 50.795953 50.463705 50.600685 50.30311 50.422887 50.159957 50.261923 50.028243 50.102107 49.906819 49.965553 49.800681 49.839217 49.706345 49.721832 49.623885 49.617982 49.554097 49.529845 49.497268
54.483783 54.521369 54.974634 54.717781 55.097509 54.783078 55.140227 54.673414 54.990018 54.528548 54.855929 54.355936 54.686279 54.148548 54.478436 53.909295 54.235009 53.645131 53.964214 53.363767 53.674249 53.072377 53.372464 52.777875 53.06593 52.497116 52.782024 52.194241 52.433685 51.898761 52.132946 51.625968 51.846786 51.370024 51.574777 51.131404 51.319261 50.910758 51.081587 50.708487 50.862889 50.524495 50.663772 50.357906 50.482006 50.208932 50.317377 50.071237 50.152627 49.943582 50.011344 49.831246 49.879933 49.73051 49.75653 49.641364 49.645754 49.564761 49.55047 49.50115
54.875996 54.782122 55.239828 54.94527 55.360646 55.012632 55.421028 54.901515 55.276116 54.750126 55.139301 54.565976 54.961144 54.345981 54.744167 54.09375 54.490054 53.816445 54.207221 53.522106 53.904378 53.218244 53.589384 52.912011 53.269437 52.620849 52.972542 52.307652 52.610368 52.00333 52.298343 51.722679 52.001222 51.459916 51.720388 51.214896 51.455141 50.987912 51.207335 50.779171 50.977858 50.588588 50.767607 50.41548 50.575246 50.260304 50.399522 50.116162 50.224742 49.981889 50.074218 49.863044 49.933062 49.755588 49.799757 49.659429 49.678365 49.575691 49.573434 49.505012
55.069641 54.971077 55.351549 55.127892 55.483086 55.200737 55.548144 55.093244 55.40373 54.936932 55.257785 54.74345 55.06604 54.512806 54.835761 54.249999 54.56992 53.962117 54.27621 53.657318 53.963577 53.343337 53.640052 53.027594 53.313394 52.727391 53.011536 52.406642 52.646162 52.094972 52.331535 51.807676 52.03228 51.539287 51.752454 51.289343 51.489029 51.05751 51.242568 50.843681 51.013797 50.647655 50.803013 50.468928 50.609933 50.308234 50.434943 50.158319 50.257963 50.017961 50.10583 49.893033 49.962715 49.779245 49.826593 49.676403 49.700853 49.585783 49.590944 49.508234
55.445948 55.289834 55.697672 55.435738 55.839859 55.501541 55.907756 55.377513 55.750956 55.203537 55.591956 54.98998 55.38353 54.738815 55.135596 54.456713 54.853127 54.150582 54.542415 53.82855 54.212629 53.498488 53.872158 53.167972 53.528912 52.854928 53.211634 52.521695 52.830096 52.199599 52.503142 51.903234 52.191753 51.626927 51.900914 51.370472 51.62948 51.132737 51.374187 50.913043 51.135981 50.711004 50.91503 50.526115 50.711288 50.359447 50.524804 50.203166 50.337654 50.056214 50.176077 49.924798 50.023023 49.804232 49.876034 49.694243 49.738997 49.596297 49.618325 49.511472
55.670675 55.56644 55.926946 55.710834 56.065753 55.767402 56.116422 55.63013 55.940024 55.438061 55.757875 55.205607 55.526269 54.935375 55.255848 54.635734 54.954331 54.313533 54.627106 53.976558 54.282776 53.632618 53.929712 53.289414 53.576197 52.964772 53.251141 52.621801 52.863924 52.29072 52.532527 51.98689 52.219297 51.703944 51.926314 51.442177 51.656435 51.199951 51.403218 50.975798 51.166472 50.769044 50.946599 50.579089 50.742661 50.407237 50.557391 50.245286 50.36812 50.092242 50.205177 49.954707 50.050403 49.827674 49.900797 49.710769 49.759625 49.605651 49.634004 49.513627
56.07428 55.964081 56.353793 56.097419 56.484763 56.133141 56.516555 55.964778 56.308114 55.742684 56.097477 55.480809 55.836841 55.182308 55.538005 54.856897 55.210969 54.511588 54.860559 54.153647 54.494426 53.79062 54.120843 53.430178 53.748235 53.090572 53.406325 52.733734 53.00271 52.391065 52.658857 52.077743 52.335712 51.786736 52.033728 51.518336 51.756991 51.270826 51.499379 51.041808 51.257561 50.830066 51.032072 50.634888 50.822041 50.457732 50.630077 50.289735 50.43313 50.130219 50.263502 49.986238 50.101963 49.852338 49.944421 49.728063 49.794032 49.61532 49.659527 49.515656
56.460465 56.369931 56.754363 56.491044 56.865669 56.501657 56.86635 56.299646 56.618107 56.043656 56.371807 55.750014 56.077644 55.421577 55.747389 55.068852 55.39233 54.699698 55.018894 54.320612 54.632657 53.938634 54.241478 53.561234 53.853642 53.20663 53.499111 52.836854 53.084808 52.482884 52.732812 52.160463 52.404293 51.8622 52.099373 51.587862 51.819987 51.335942 51.563064 51.103136 51.321215 50.887443 51.09474 50.687998 50.883175 50.50636 50.688841 50.332884 50.486829 50.167197 50.312812 50.01693 50.146204 49.876209 49.982123 49.744512 49.824143 49.624014 49.681676 49.516504
56.950714 56.84799 57.25313 56.949656 57.339986 56.927664 57.305011 56.681479 57.006874 56.38307 56.717898 56.050538 56.384193 55.686262 56.017215 55.300937 55.628574 54.903237 55.226534 54.499242 54.815471 54.095274 54.402277 53.698388 53.994869 53.326771 53.623503 52.942018 53.193901 52.575328 52.830344 52.242648 52.49305 51.936399 52.182787 51.655946 51.900037 51.399637 51.642195 51.163373 51.400048 50.944202 51.172181 50.740939 50.95838 50.55531 50.761527 50.376617 50.553469 50.204807 50.374064 50.048185 50.201376 49.900427 50.029299 49.760984 49.861846 49.632347 49.709541 49.516547
