gis_files/otp_age/0001_14_09_01.tif
NCOLS 126
NROWS 199
XLLCORNER 139.56178
YLLCORNER 34.833566
DX 0.0049644929
DY 0.0049793696
NODATA_VALUE -9999
[rows 26 to 51 of 199, columns 0 to 59 of 126]
-8.9960989 -16.342554 -8.5800937 -15.505494 -8.2753541 -14.99251 -7.942835 -13.806512 -7.2351618 -12.957383 -6.7477996 -12.127057 -6.277891 -11.303875 -5.8089331 -10.485394 -5.3368756 -9.6702953 -4.8603633 -8.8579158 -4.379946 -8.0484984 -3.9022046 -7.2506466 -3.4942856 -6.7765114 -3.1650833 -5.6058515 -2.3354105 -4.7297046 -1.7406721 -3.8563964 -1.0976325 -2.8092671 -0.21045457 -0.95837396 1.1448493 0.3003872 2.0594083 1.2841225 2.7832763 2.2205448 3.4817565 3.1396634 4.1358676 3.803148 4.6280659 5.0322467 5.6749982 6.0826199 6.4699089 7.1241206 7.2893665 8.2293686 8.1781144 9.4912579 9.1874412 11.492042 10.810392 11.182546
-8.9111472 -15.219275 -8.4861924 -14.398492 -8.1635843 -13.883985 -7.8051603 -12.738225 -7.1098701 -11.907391 -6.6099209 -11.099305 -6.12718 -10.300691 -5.6449772 -9.5083749 -5.1590943 -8.7207333 -4.6681614 -7.9368192 -4.1727739 -7.1569144 -3.6797206 -6.3903478 -3.2517299 -5.9131262 -2.8797028 -4.8068073 -2.062632 -3.956293 -1.4497267 -3.1127705 -0.80332745 -2.1938007 0.013954971 -0.6274603 1.2460231 0.7441067 2.2832211 1.7346162 3.0461795 2.6672249 3.7842758 3.5874117 4.4863218 4.2898663 5.0648097 5.5212433 6.1689551 6.6359477 7.0904907 7.8044697 8.130733 9.2733407 9.4653857 12.018793 12.047296 14.449581 14.727059 11.698472
-8.579745 -15.085573 -8.1525932 -14.266512 -7.818758 -13.714004 -7.4529848 -12.596867 -6.7709312 -11.762731 -6.2701439 -10.945173 -5.7857618 -10.134876 -5.3019884 -9.3295367 -4.8146121 -8.5282758 -4.3222766 -7.7303019 -3.8255025 -6.9361345 -3.3306837 -6.1536343 -2.8938393 -5.6403644 -2.5112744 -4.5406707 -1.7102153 -3.6854205 -1.1000312 -2.8369654 -0.46669817 -1.9423409 0.28244657 -0.65198375 1.3371586 0.87939291 2.4838767 1.9003053 3.2686227 2.8605206 4.0314916 3.8190099 4.7753207 4.585401 5.4167449 5.8954183 6.6150145 7.1652702 7.7398758 8.7274268 9.2349529 12.324475 12.739025 15.749772 16.183942 12.289175 11.184891 11.397967
-7.9282822 -13.333354 -7.4955683 -12.542263 -7.1487314 -12.023806 -6.7663318 -10.942642 -6.095699 -10.141971 -5.5881316 -9.3629207 -5.0959514 -8.5932113 -4.6040142 -7.8295349 -4.1081233 -7.0700938 -3.6068462 -6.3137893 -3.1006851 -5.5610113 -2.5957733 -4.8199963 -2.1441627 -4.3242802 -1.7323694 -3.2850461 -0.94202469 -2.4616519 -0.32063311 -1.6473597 0.31853901 -0.79678341 1.0365825 0.22846982 1.9522376 1.7121795 3.1195846 2.7578705 3.965733 3.7315184 4.7881929 4.7228864 5.6211318 5.5768267 6.4179648 7.0217468 7.8667862 8.7721986 9.6054399 12.450851 13.195714 16.303586 16.754007 13.769549 12.964197 11.144758 10.041325 11.369355
-7.3386517 -13.214513 -6.905386 -12.403921 -6.5518466 -11.835708 -6.1683967 -10.759267 -5.5075194 -9.9416672 -5.0027255 -9.1408284 -4.5121831 -8.34817 -4.0218429 -7.5614647 -3.5277058 -6.7793228 -3.028317 -6.000863 -2.5240593 -5.2263048 -2.0203974 -4.4621816 -1.5645603 -3.9339036 -1.1521629 -2.8862871 -0.37426613 -2.0540574 0.23975987 -1.2299396 0.86733177 -0.37965342 1.5480671 0.54525267 2.3615273 1.9439101 3.4680967 3.0725303 4.382139 4.0971731 5.2582838 5.1756693 6.2038845 6.1956461 7.2141946 8.1107262 9.1968323 12.218655 13.10291 16.173041 16.693586 15.261029 14.870297 12.063202 10.894626 10.519348 9.5084812 11.080627
-6.5476084 -11.393658 -6.1101656 -10.622554 -5.7472311 -10.10046 -5.3519097 -9.0654244 -4.700027 -8.2875055 -4.1912184 -7.5297437 -3.6956437 -6.7808208 -3.1998655 -6.0375637 -2.6999763 -5.2981453 -2.1945048 -4.56136 -1.6837278 -3.8273398 -1.172783 -3.1030971 -0.70625273 -2.5947015 -0.27248041 -1.6014214 0.49638957 -0.79954454 1.1176413 -0.0070432662 1.750283 0.80822214 2.4247735 1.6758428 3.1985934 2.8261325 4.1865506 4.0033174 5.1945289 5.0801713 6.1927186 6.2990981 7.4021671 7.846342 9.0414364 11.842234 12.821384 15.185776 15.748928 15.5193 15.477268 13.850122 13.134378 11.894516 10.927551 10.664796 9.8606291 11.211469
-5.8349162 -10.62009 -5.3969043 -9.8692127 -5.0290543 -9.3504645 -4.6329041 -8.344876 -3.9886543 -7.5827334 -3.4824216 -6.836612 -2.9884513 -6.0967435 -2.4941416 -5.3604178 -1.9957536 -4.6261873 -1.4918267 -3.893035 -0.98249366 -3.1611408 -0.47235252 -2.4366068 -0.002665257 -1.9181971 0.43211487 -0.93351069 1.1910851 -0.13629252 1.8066914 0.65306587 2.4319805 1.4618172 3.0919175 2.311951 3.8256083 3.315857 4.7156761 4.5266105 5.7890127 5.7059384 6.9751327 7.3357232 8.6851734 10.878426 11.874591 14.166589 14.830293 15.189556 15.411391 14.723294 14.459351 13.52901 12.828967 11.810377 10.883558 10.612409 9.7591795 11.068915
-5.0091875 -9.4492923 -4.568766 -8.6951834 -4.1945137 -8.1703797 -3.7914909 -7.1741366 -3.1549752 -6.4162938 -2.6476752 -5.6771162 -2.1518396 -4.9460924 -1.6553881 -4.220291 -1.15471 -3.4978105 -0.64831709 -2.7773992 -0.13625516 -2.0589561 0.37721813 -1.348317 0.85313896 -0.83073151 1.2999656 0.12569229 2.0496555 0.90845733 2.6667405 1.6824426 3.2924512 2.4735063 3.9487696 3.3000264 4.6637733 4.2060048 5.499928 5.3671934 6.6280725 6.8512224 8.253427 10.012535 11.167764 13.002144 13.781935 14.634489 15.099636 15.18553 15.284146 14.951152 14.683945 14.04333 13.382872 12.057163 11.131822 10.885769 10.080535 11.182362
-4.2017233 -8.4513094 -3.760395 -7.7081084 -3.3817604 -7.1845952 -2.9761479 -6.2090581 -2.3467309 -5.4626645 -1.8408403 -4.7339761 -1.3457117 -4.0129709 -0.84983506 -3.2966971 -0.34971874 -2.5833449 0.1561285 -1.871644 0.66776566 -1.1613886 1.1813145 -0.45795638 1.6602019 0.062374882 2.1111659 1.001518 2.8513435 1.7745206 3.4650258 2.5390651 4.0862289 3.3186023 4.7342061 4.1283461 5.4310491 4.9996182 6.239205 6.1017406 7.4147173 8.3361674 9.708201 11.946298 13.005583 14.323225 14.939447 15.458706 15.774298 15.831775 15.891779 15.681426 15.429812 14.643184 13.954015 12.240335 11.253868 11.126322 10.322042 11.295743
-3.3643731 -7.4571983 -2.9218344 -6.714595 -2.5387232 -6.1856997 -2.1293507 -5.2205176 -1.5070094 -4.4783159 -1.0019079 -3.7541309 -0.50696934 -3.0381158 -0.011162613 -2.3273053 0.4889008 -1.6198405 0.99470711 -0.91437227 1.5064027 -0.2105612 2.0204119 0.48659354 2.5022775 1.0103726 2.9590164 1.9318016 3.6890258 2.6953379 4.2996697 3.4498249 4.9163163 4.2164849 5.5551379 5.0068347 6.2312512 5.8386476 6.999884 6.8450617 8.1528007 9.1378133 10.605167 13.488633 14.421043 15.75251 16.202669 16.370628 16.585076 16.574342 16.61869 16.540212 16.29951 15.237706 14.499689 12.50612 11.483688 11.479795 10.712353 11.604729
-2.5546687 -6.4686705 -2.1115121 -5.7374454 -1.7251295 -5.2105985 -1.314228 -4.2657352 -0.6978535 -3.5351965 -0.19465292 -2.8217527 0.29894912 -2.1159415 0.79349084 -1.4148872 1.2922414 -0.71678487 1.7966759 -0.020293211 2.3070244 0.6749878 2.8200235 1.3644632 3.303103 1.8894079 3.7614763 2.7936494 4.4816012 3.5462324 5.0863229 4.2891869 5.6946013 5.0403971 6.3173479 5.8034785 6.9552386 6.5084592 7.6195763 7.3199714 8.6610656 9.6925756 11.149319 13.599749 14.629534 16.136196 16.597243 16.80776 16.990748 16.983596 17.018164 16.959861 16.720376 15.701771 14.961928 12.720891 11.684205 11.820605 11.093552 11.996484
-1.7194998 -5.5496855 -1.2759472 -4.822931 -0.88644924 -4.2925786 -0.47394548 -3.3608123 0.13594984 -2.6363052 0.63711357 -1.9280406 1.1291224 -1.2271146 1.6220734 -0.53079154 2.11912 0.16265282 2.6217163 0.85452244 3.1301455 1.5452536 3.6413912 2.2306426 4.1247998 2.7597558 4.5841665 3.6496065 5.2924084 4.3927885 5.8889361 5.1245562 6.4843301 5.8571924 7.078803 6.5530661 7.6450629 7.0242847 8.1520877 7.8058602 9.1598861 10.217497 11.607299 13.549935 14.613723 16.161233 16.648875 16.883643 17.065759 17.042866 17.065776 16.983645 16.736566 15.790242 15.051338 12.866797 11.835237 12.197192 11.508988 12.47548
-0.84826428 -4.4258486 -0.40385907 -3.702434 -0.011038198 -3.170389 0.40493818 -2.2519785 1.0081927 -1.5345415 1.5083794 -0.83464581 1.9997402 -0.1431188 2.4920259 0.5429035 2.9882877 1.2252584 3.4899453 1.9053406 3.9972879 2.5836751 4.5074215 3.2561465 4.9911037 3.7817836 5.4536478 4.6457644 6.1481268 5.3713756 6.7349277 6.080402 7.3102044 6.7695386 7.8549402 7.2607359 8.3043247 7.7206663 8.805761 8.5111562 9.7923723 10.812148 12.121968 13.952635 14.947811 16.268351 16.738958 16.89078 17.06584 17.000285 17.009113 16.860112 16.600944 15.754319 15.040741 13.245795 12.31622 12.734866 12.138889 13.123134
-0.025849107 -3.8107322 0.41773504 -3.0893321 0.81211414 -2.5429157 1.2265184 -1.6319851 1.8236045 -0.91186892 2.3198058 -0.20564878 2.8075028 0.49370772 3.2959575 1.1882477 3.7880704 1.8792902 4.2851925 2.5678722 4.7875915 3.2543568 5.2925189 3.9351426 5.7725602 4.4734821 6.2280523 5.335354 6.9054622 6.0550035 7.4701944 6.7489343 8.0015677 7.299164 8.4358703 7.5799333 8.7905966 8.2923204 9.4336456 9.0295002 10.29613 11.143105 12.419694 14.445239 15.317924 16.419769 16.83828 16.804167 16.977397 16.841726 16.843819 16.621284 16.354984 15.642551 14.967992 13.429552 12.523708 13.094702 12.463405 13.599881
0.87774414 -2.4200447 1.3222023 -1.7064077 1.7197057 -1.1711517 2.1384979 -0.27959196 2.7285039 0.42363588 3.2240189 1.109295 3.7112006 1.7860754 4.1990203 2.4566897 4.6902593 3.1228909 5.1861693 3.7859592 5.6868816 4.4462923 6.1894692 5.0998782 6.6672159 5.6212497 7.1231192 6.4389906 7.7767074 7.1206185 8.3085846 7.7168053 8.7601805 8.0141918 9.0777225 8.3558877 9.5361462 9.4352439 10.407037 10.009887 11.057362 11.550584 12.705674 14.346472 15.228741 16.307667 16.75552 16.739316 16.951097 16.87462 16.893647 16.671846 16.410046 15.856138 15.249744 14.072923 13.314813 13.792997 13.278121 14.324794
1.6980237 -2.0847949 2.141045 -1.3374691 2.5391827 -0.7522594 2.9550148 0.1569019 3.5389811 0.8857055 4.0295862 1.5981398 4.5120598 2.3004368 4.9948666 2.9947016 5.4805958 3.6823877 5.9703392 4.3646223 6.464023 5.0417254 6.9584718 5.7101406 7.4279232 6.2469868 7.8677531 7.0620127 8.4860987 7.7155952 8.9490722 8.0580364 9.2471758 8.2241818 9.5270272 8.7967021 10.188302 10.329557 11.292016 10.634645 11.606023 11.542427 12.653697 13.825399 14.752176 15.876595 16.408519 16.524484 16.852208 16.970137 17.042129 16.772888 16.479565 15.910458 15.293856 14.433514 13.680451 14.212815 13.612914 14.771624
2.6093926 -0.43320657 3.0528208 0.26899244 3.4534301 0.80563323 3.8730286 1.6696525 4.4494887 2.3574431 4.9387224 3.0277226 5.4198506 3.6885604 5.9010385 4.3424439 6.3847003 4.9908598 6.8716977 5.6347022 7.3615199 6.2736459 7.8500808 6.9024767 8.3105649 7.4077154 8.7360254 8.1540421 9.2908981 8.5967269 9.6226593 8.7349252 9.831241 8.9747131 10.237981 9.9529891 11.237357 11.736342 12.486467 11.822154 12.503307 12.03114 12.939172 13.689457 14.56917 15.493716 16.143047 16.934259 17.474589 18.51573 18.74189 18.334634 18.003444 16.658943 16.010745 15.278555 14.624886 15.02825 14.536102 15.537542
3.4431965 0.3665661 3.8850217 1.0546843 4.2858596 1.5902781 4.7027218 2.4372269 5.2728023 3.1166922 5.7569967 3.7817535 6.2331421 4.4390004 6.7089105 5.0902209 7.1864617 5.7363082 7.6663318 6.3775195 8.1473658 7.0125979 8.6240034 7.6347021 9.066475 8.1319257 9.4495861 8.7700176 9.8925578 8.9048739 10.06125 8.9792849 10.264523 9.3651151 10.853851 10.883184 12.235092 12.980815 13.63165 12.825238 13.337411 12.250821 13.089344 13.570893 14.41699 15.161841 15.910243 17.641872 18.457112 19.563153 19.94379 19.977475 19.675573 17.879517 17.14642 15.942785 15.204703 15.597642 15.021821 16.049933
4.3411221 1.5358619 4.7823756 2.2247802 5.1845298 2.7610986 5.602995 3.5965315 6.1651507 4.2675233 6.646282 4.9211201 7.1192339 5.5646257 7.5913072 6.200134 8.0643848 6.8286066 8.5385281 7.4499748 9.0114678 8.0616704 9.4745444 8.6529515 9.8866814 9.0986427 10.195736 9.4028705 10.456376 9.4267352 10.566528 9.549314 10.866803 10.254681 11.764266 12.265048 13.518588 14.497858 14.975293 14.210716 14.464074 13.075382 13.701958 13.8719 14.615868 15.227277 16.0185 18.250275 19.274684 20.244752 20.715508 20.898027 20.780726 20.11127 19.473284 17.443685 16.636775 16.491639 15.888648 16.794876
5.1977802 2.5131305 5.637308 3.1898558 6.0393672 3.7222931 6.4559203 4.5390171 7.0106441 5.1983272 7.4866036 5.8409373 7.9541963 6.4735892 8.4202398 7.0980076 8.8862439 7.7146676 9.3515876 8.3225347 9.8122652 8.9167301 10.252912 9.4878856 10.608992 9.6923419 10.770486 9.7657936 10.905078 9.7502792 11.013684 9.9707783 11.459431 11.137651 12.728627 13.605202 14.800816 15.986368 16.31403 15.516337 15.590652 13.980422 14.423198 14.149827 14.813527 15.298408 16.098738 18.46567 19.574856 20.737553 21.297897 21.584977 21.642011 21.461233 21.012117 19.671074 18.871736 17.305123 16.569867 17.436462
6.0710803 3.4734457 6.5088097 4.146785 6.9107592 4.6814272 7.3260081 5.4869909 7.8723188 6.1400076 8.3429326 6.7759408 8.8048213 7.4010655 9.2642951 8.0167578 9.7223686 8.6228976 10.177392 9.2170353 10.622 9.7962613 11.025022 10.243405 11.271442 10.108093 11.268874 10.12153 11.372779 10.116801 11.525928 10.528332 12.183126 12.285272 13.888845 15.120896 16.212788 17.572654 17.7365 16.932624 16.836565 15.074471 15.336971 14.592627 15.161492 15.461205 16.24227 18.522636 19.639431 21.102279 21.740525 22.109657 22.278466 22.253883 21.996323 21.256606 20.421489 18.170298 17.356768 18.140926
6.9501543 4.5356567 7.3857416 5.2007276 7.7869737 5.7327215 8.2007347 6.5213618 8.7377751 7.1632434 9.2022941 7.7869179 9.6574355 8.3984308 10.108915 8.9987592 10.557009 9.5868792 10.99831 10.159649 11.41521 10.69511 11.748094 10.793549 11.849393 10.549943 11.808776 10.582384 11.96782 10.66733 12.220237 11.362074 13.107529 13.651387 15.183053 16.725326 17.66631 19.1437 19.136922 18.39019 18.128916 16.414132 16.487605 15.473192 15.889782 15.892825 16.602356 18.986847 20.085299 21.344669 22.033206 22.473226 22.722608 22.789494 22.644213 22.163367 21.378815 19.016615 18.219909 18.90408
7.7997321 5.3155389 8.2322595 5.9753442 8.6318618 6.5136999 9.041469 7.2931162 9.5691186 7.9325412 10.025555 8.5553464 10.471711 9.1658864 10.912437 9.7639153 11.346822 10.347169 11.766022 10.934636 12.132477 11.16273 12.330503 11.05065 12.381429 10.782947 12.44371 10.999856 12.864329 11.407274 13.345177 12.300712 14.254488 14.998782 16.491914 18.401465 19.133176 20.815736 20.559239 19.865412 19.443533 17.906229 17.815182 16.805916 17.001379 16.390316 16.967547 18.767148 19.688503 21.312563 22.074583 22.633907 22.960551 23.09112 22.996257 22.375242 21.647075 19.586619 18.797558 19.552876
8.692231 6.5165462 9.1217234 7.1666496 9.5194342 7.6954949 9.9268477 8.4530942 10.442522 9.0741799 10.890364 9.6751241 11.326198 10.260533 11.753743 10.829603 12.168912 11.399163 12.545952 11.782321 12.803406 11.728238 12.937468 11.66876 13.196384 12.246353 13.931515 14.554135 15.241514 15.553957 16.012274 15.828764 16.651348 16.843586 18.070897 20.011493 20.4817 22.07605 21.640936 20.933804 20.399769 19.233171 18.963671 18.048104 18.052121 17.19954 17.594361 18.174721 18.85478 20.778245 21.536441 22.474953 22.884093 23.061178 22.999717 22.279001 21.714781 20.366305 19.743732 20.395853
9.5276701 7.0334811 9.9527961 7.711406 10.34718 8.2808221 10.747894 9.0530547 11.251906 9.6931665 11.687823 10.31194 12.109339 10.911353 12.517979 11.500685 12.897397 12.036457 13.185227 12.000155 13.306453 11.840717 13.537674 12.42339 14.422783 15.52051 16.212046 16.863345 17.316631 17.700309 18.03928 18.34328 18.724139 19.065942 19.77853 21.490057 21.560822 23.118343 22.387108 21.464925 20.858008 19.605398 19.352753 18.466825 18.480991 17.585398 17.921903 18.090797 18.616683 19.594126 20.126365 21.644412 22.013945 22.175247 22.092073 21.568924 21.105354 20.830133 20.295672 21.032115
10.419197 8.4738206 10.839723 9.1057696 11.230193 9.6283259 11.626171 10.350539 12.114154 10.945305 12.536095 11.515903 12.939591 12.067032 13.317072 12.632719 13.621487 12.736728 13.754079 12.586904 13.885354 12.618277 14.479085 15.469748 16.397383 17.253208 17.823544 18.311921 18.730776 19.100905 19.43791 19.758121 20.08229 20.426403 20.867045 21.737982 21.850573 22.762918 22.114924 21.064444 20.515302 19.064476 18.960498 18.256753 18.396928 17.982953 18.325213 18.552532 19.010299 19.503929 19.918458 20.68121 20.906121 21.275099 21.19146 21.467042 21.186271 21.537835 21.218404 21.891351
